424 6086
2255 2464
1956 4146
363 5211
3192 3795
5628 8814
4894 6786
4652 6548
8912 9851
7329 9636
3792 7140
3917 8799
4218 4351
8804 9600
2207 6652
6040 8046
2921 7747
4342 8374
1484 9086
5056 6784
533 4420
9079 9536
144 4849
9599 9914
3002 8397
3505 9338
4437 6449
5853 9296
995 2117
4333 5982
16 4236
3683 4261
4440 9255
3107 9937
72 5420
7164 8151
434 5405
9680 9699
9770 9894
2994 6504
3810 4091
8141 9962
4126 5097
6425 9431
5511 8824
730 5490
536 718
7064 7920
1682 2917
9340 9664
9541 9568
770 1598
3326 7014
8711 8754
8847 9296
5345 6288
8139 9637
3140 5089
5219 7178
2219 3293
9438 9925
3183 9831
5276 8453
1769 7756
4535 9602
464 4516
4115 9756
1506 9293
7368 9364
9737 9911
1784 8310
3517 6262
9208 9473
2740 9821
640 1544
3826 4291
3907 4171
6416 7570
5939 6310
8569 8634
163 2740
1294 8203
2712 8598
9008 9846
7155 7963
9516 9572
9609 9753
9586 9590
2428 6240
219 9811
8555 8942
9888 9963
4199 7171
4486 7036
9733 9953
3546 3663
8917 9699
5615 8260
5898 8096
927 2757
3654 3725
8164 9895
4552 7444
6700 9119
6229 8064
9467 9552
7975 8319
538 1171
8496 9544
297 9286
1565 7847
1597 8937
6869 7183
5433 6458
1068 6717
9075 9630
3464 9290
1778 8250
9614 9863
568 6371
9066 9944
4220 6692
6817 8795
8870 9296
3055 8248
2271 6045
1964 9471
6842 9969
9727 9816
9606 9847
7 3241
5022 8311
2122 9646
3950 8457
1389 8359
8421 8478
9028 9133
9304 9392
9264 9929
3745 5046
4360 9000
8555 9436
3629 6119
5947 5963
582 9543
8231 9673
4224 7822
9609 9700
1166 8096
1890 3936
5993 7707
1898 4714
4182 5309
7955 9106
1228 6130
1799 7127
277 2554
7212 7560
8407 8638
3174 8501
8021 9906
669 1481
1380 5328
7376 8226
9170 9423
6881 7189
1004 9171
4476 5379
4570 7654
8721 9463
8593 8839
8737 9732
5345 6401
538 5529
9482 9908
9311 9840
1636 6575
9121 9640
6464 9838
9672 9747
5459 5855
1771 2413
6344 7051
8257 9909
4342 9723
2737 8537
9819 9962
2297 5951
4826 6746
3901 6782
3807 6492
6147 6348
8039 9000
4118 4193
9381 9891
4521 5575
9744 9943
7461 8099
7618 8547
668 8443
309 7153
2102 9713
5464 9313
7322 7754
2865 9674
1395 4519
4619 6350
3587 9041
6528 8943
6611 9441
3667 8527
6867 9539
6089 8661
6812 7508
1984 9188
4172 9771
7261 9991
1203 3671
591 3164
1793 3199
7231 8492
4238 9095
2233 5435
5401 5551
524 8347
1134 6895
5327 9065
4656 8478
7567 7753
3217 9280
5368 8556
1958 9811
1724 2878
579 3690
1565 7748
2459 6395
7020 8879
1557 3811
7401 7686
7051 8115
6723 9593
5946 7476
8409 8626
4870 7410
3962 6916
9354 9718
8694 9613
2116 2937
9560 9908
5651 5944
1645 9375
3600 4566
3171 7247
3157 7525
7198 8815
3498 3928
340 952
8766 9069
6006 7776
4112 7514
7093 9472
8242 9143
9566 9905
9980 9989
2201 3029
2994 3137
7871 9636
3558 5372
9550 9678
3753 9401
39 5516
9269 9338
7971 8508
3382 5043
6519 7754
3767 7454
752 4467
2749 5790
8623 8644
821 5937
3699 7267
6530 7669
2721 3381
4318 5487
5917 6331
2866 9720
117 4609
9589 9824
9924 9993
3282 8950
8211 9787
7957 9757
4050 7137
5644 7992
9746 9915
1295 3663
1397 3659
5357 8351
7501 8354
4192 6953
452 851
5456 6167
6825 9495
9940 9968
5854 7905
1871 2559
8623 8913
8182 8635
5869 6203
16 5563
2358 3456
477 1037
7659 8223
4466 5756
814 9576
2661 9983
5803 7036
5096 7723
9102 9860
1798 2530
4527 6069
4668 9257
8561 9157
8011 8968
9914 9951
9573 9813
7017 9687
8361 9627
2513 7213
2516 8109
9408 9515
6907 7590
1012 8877
2403 8292
9315 9608
3162 8973
695 8899
2304 2636
8416 8967
534 7685
9130 9549
3143 4628
8253 8925
1002 9333
7739 7874
5595 9511
2800 3512
7928 8491
1596 8914
7044 8190
5290 8213
2410 3032
8125 9793
3151 4580
3057 9171
9119 9815
6011 7819
476 1356
4016 6973
8015 9201
1374 2653
6374 8433
3131 5511
5494 9519
9324 9657
2690 4017
4585 8573
4538 9131
5114 7575
6267 6741
5505 8866
6980 7931
7137 7397
7247 8709
4875 6029
6763 7751
312 1426
4740 9979
7423 9249
7828 9025
5076 8292
7741 8902
6127 9346
9087 9169
1017 4079
3320 3422
7110 8742
3490 6619
9163 9569
4075 4966
1382 5906
6158 8170
1837 6975
8893 8970
4648 5796
8350 9630
4381 7146
3203 6750
9159 9268
8232 8246
2749 4894
8675 9876
5364 6410
3442 8891
1641 3030
3966 9876
7844 9297
2770 7500
3754 8246
3044 4515
2562 2659
2944 5592
410 1265
5036 8114
4166 4645
7142 7267
8091 8193
7475 8533
3511 6509
8887 9551
982 7478
5421 8649
8609 9871
8736 9409
376 607
888 1452
9992 9995
5034 7704
2532 5102
9701 9888
9963 9995
607 6020
7665 7698
6359 9481
2469 9874
8404 8560
8368 9432
3997 5224
5921 6614
5334 7056
1674 5733
2563 7338
3451 8977
1461 2513
3596 7528
5664 6200
1334 6615
2788 9227
2620 4917
1342 9580
8753 9063
3781 9553
2512 5346
4814 6131
9971 9982
6298 8560
4366 6853
4059 7525
6925 7827
2398 4673
1370 9282
7898 9311
5596 9378
1469 6416
7495 8883
3961 8394
9168 9600
9938 9971
3358 7810
7121 7883
3980 5603
7120 9054
9392 9405
6512 8254
6524 8048
8249 9065
5445 9066
6461 8713
8964 9537
5492 7306
4562 7133
631 8390
1391 9207
267 9348
3699 4195
2446 5520
7352 9514
3506 7827
2522 8616
527 2701
9174 9454
8850 9146
5760 9374
5255 7550
6547 9563
8343 8351
6081 9319
5120 9585
1364 5156
4563 8732
45 3965
8855 9656
2764 9848
4241 9069
3854 9240
7381 8796
3543 9988
5190 6650
1432 2252
495 2711
4984 7586
8424 8773
9309 9521
9314 9760
8754 8858
4106 9766
702 5766
7283 8483
7723 9964
5014 6344
5746 8923
1518 9748
3313 8318
9280 9825
6753 6929
7962 9226
5071 9970
8352 9135
3466 4983
4086 4598
4966 9575
9050 9838
2663 8299
5074 6121
8723 8939
623 5271
7509 9293
5946 9187
7723 9308
1129 6181
258 1124
9803 9875
4299 8008
3919 8638
2827 5665
8469 9867
4992 8026
5833 9933
726 7697
6373 7798
7690 8598
1115 3122
464 3135
651 805
5737 8457
6606 7052
9433 9485
2103 8234
3089 3094
7823 9740
737 3571
3301 5497
812 6370
6054 8164
8122 9811
2211 7476
952 5355
5352 9442
6821 7063
9097 9758
2590 6938
3981 7851
7786 8203
7072 8932
9545 9881
2635 5175
8798 8930
8839 9328
7882 8852
9793 9867
7747 8911
5601 8942
249 2657
417 4315
1940 8595
5544 7571
5987 7737
5899 8814
979 7295
545 8626
6292 8538
906 4059
3008 8526
7686 9409
4600 5946
2230 5447
55 5692
1299 2338
6497 7056
2319 3054
3862 7439
2141 9898
2633 9618
3621 6326
9648 9812
3849 8244
7538 9241
3328 6557
6746 6781
8208 8780
9546 9861
8187 8423
8473 9908
1295 8715
5438 7630
9038 9579
5032 9785
8066 8915
3429 7075
8445 8594
9189 9439
6194 7151
3454 4490
8166 9313
1342 8985
4304 9279
8777 9447
7712 9365
8035 9190
2019 9012
940 3106
6956 8963
6946 9500
6166 6688
4669 6515
2669 7658
4190 9036
5308 8741
2869 4713
2864 6970
7754 8806
5437 5541
5229 8013
3391 5536
4084 8642
593 6878
6109 9150
3979 6985
2320 7106
6721 7297
1872 5947
4877 9525
672 7647
414 1373
8057 9889
6036 7614
3579 7052
4190 4471
2980 6642
8402 9889
5181 6413
5528 5971
1795 7569
4172 5494
6409 8067
4632 6196
3979 5986
5946 5979
7503 9360
8356 9058
5822 8936
4097 8146
477 1236
4752 7473
4730 8957
2836 3330
2702 8513
8784 9592
184 6307
9755 9843
6066 8687
8895 9041
4279 7328
5169 5530
4147 8873
5018 5756
9515 9891
4354 4547
687 5273
2995 4481
3268 8826
68 6144
7114 9935
55 8569
752 9138
6194 7884
2124 4397
9821 9887
7599 8922
5692 8442
876 9701
7423 8819
112 5859
646 5566
2735 3759
9877 9912
8887 9092
6780 8197
9883 9972
4714 7023
6226 9125
1873 4558
7804 8449
8612 9744
1270 4769
8892 9100
1187 9117
5874 8783
4379 5752
1722 4348
8399 8756
4437 5043
9888 9951
7142 9499
7342 7837
7050 7304
5378 8021
7875 8179
9411 9708
4115 7306
1072 9815
476 1011
9596 9894
3251 8558
2567 8525
8535 8745
5147 5891
5926 7258
5144 6162
6764 6984
6769 7333
5531 9075
7171 7729
9729 9824
4496 5645
7399 7698
9399 9990
8929 9401
9643 9796
6031 6492
7668 9529
5075 5696
4782 9335
5155 6190
6638 8858
6080 8523
2826 7962
9579 9774
5891 9007
5736 6340
7702 9415
9810 9863
8430 9556
2738 2912
4500 5850
7542 8082
5765 9027
2806 4788
2334 6554
3840 7481
9289 9563
4846 9250
1299 3706
1856 2915
7804 8591
367 2462
1552 2316
9969 9990
5521 6673
2109 6667
7564 9754
4517 6059
4315 7366
9333 9759
9847 9880
4881 7088
7779 8611
4732 5904
9781 9890
5369 8660
6654 8941
4033 6247
9336 9674
7436 9783
8679 9165
8331 9303
5203 9441
3148 3407
5424 7295
8443 9815
3858 7793
2420 8680
8379 8515
2517 3826
1542 2742
9065 9253
776 1687
7145 8028
5645 8787
1912 7381
9811 9966
4947 9478
3081 9514
6586 8883
4220 7410
2184 6157
2067 6494
2444 5352
7462 8860
4341 5520
1508 4584
1778 6694
5110 5789
8042 9676
2102 6026
9756 9837
1591 6173
1388 4596
5948 9451
9293 9753
3855 6471
8281 8853
9880 9962
217 5257
2524 2793
6368 7386
6632 8822
987 9838
5281 8741
3682 4503
1471 4604
4688 5270
9290 9543
4115 8047
7742 8119
8896 9329
5895 6898
2169 3357
4926 8045
368 2125
4700 5087
7928 8054
9938 9951
300 5293
9152 9804
8783 9597
1970 6917
112 963
7711 7717
6513 6730
4477 5847
9987 9993
7208 9663
4549 9451
7871 8639
9288 9714
147 9932
8361 9928
7817 8757
9571 9687
8820 9711
9899 9958
4932 7199
8859 9983
6140 7592
2139 6581
3376 6593
8514 9767
9763 9945
2826 6988
4888 8203
8017 8923
3884 6610
4678 5009
7992 8762
9099 9164
215 5437
5649 7232
1239 2531
6675 7585
8887 9917
3124 8860
7184 8358
457 3318
2767 8057
9980 9985
7595 9958
8802 9801
7695 9591
1996 6257
3438 8564
9910 9948
4274 5717
3642 8595
3957 4004
8355 9610
1563 8573
604 8825
4756 6674
1456 2013
8411 9824
782 7454
7594 8558
5124 7805
4895 5194
1966 4784
6718 8201
2370 4435
9280 9806
605 9718
60 9150
8983 9328
3536 7533
8340 9273
3998 8766
7168 8286
7259 8994
8132 8792
4171 9733
9209 9424
863 5350
9198 10000
1830 7058
7563 7867
2218 8771
9129 9884
9565 9962
4214 7612
1439 5531
3010 5172
9572 9884
2901 5724
8863 9820
3677 5387
5097 6259
7811 8997
325 4979
5919 7852
4504 7054
4396 9070
313 7002
4619 4887
6237 9753
7217 9142
3518 5235
4910 6436
4955 8796
3231 9682
2819 3555
1507 9101
3490 5898
3290 8900
6202 8340
242 2830
3627 6483
8332 9273
6505 8062
9145 9473
2489 6599
8093 9462
6393 7755
2509 5946
8936 9641
9899 9994
6242 9058
1843 8746
4934 6967
5465 7048
4534 6173
843 8670
7523 8661
517 3236
1920 8056
592 7774
9470 9628
452 3371
6472 9650
6206 7315
9365 9600
8653 9175
7954 9620
2127 2431
3563 8979
1708 4488
4198 6925
1562 8903
8229 9962
8233 9739
5277 5983
1314 4682